84
44a-Bipy-Ir(Bpin)3
C          2.24837        3.05252       -0.32922
H          1.22337        3.39527       -0.17763
C          3.31270        3.92863       -0.50382
C          4.58272        3.39974       -0.69150
H          5.43998        4.05254       -0.84487
C          4.75199        2.02172       -0.68211
C          4.95697       -0.95819       -0.41022
C          4.95753       -2.34361       -0.32599
H          5.89883       -2.88941       -0.31220
C          3.74477       -3.01710       -0.24755
C          2.57240       -2.27400       -0.26339
H          1.59067       -2.73860       -0.17656
C          3.73975       -0.27759       -0.42763
C          3.64373        1.19893       -0.48747
C         -2.16488        3.33795        0.43413
C         -3.02591        2.44712       -0.50542
C         -2.45309        3.09311        1.91013
H         -2.41345        2.01988        2.13731
H         -3.43112        3.49449        2.20958
H         -1.67817        3.59322        2.50624
C         -2.22073        4.82292        0.13480
H         -1.58507        5.36887        0.84454
H         -3.24668        5.20464        0.24053
H         -1.86890        5.04824       -0.87835
C         -4.41769        2.13612        0.01032
H         -4.95264        1.51662       -0.72210
H         -4.99969        3.05686        0.16363
H         -4.37636        1.58021        0.95368
C         -3.10739        2.98550       -1.92876
H         -2.10927        3.22962       -2.31521
H         -3.74286        3.87924       -1.99823
H         -3.53438        2.20711       -2.57423
C         -1.99662       -1.89379       -2.77162
C         -1.93503       -2.88215       -1.57302
C         -3.26645       -1.05191       -2.77973
H         -3.42901       -0.57929       -1.80313
H         -4.14957       -1.64508       -3.05533
H         -3.14334       -0.24927       -3.51891
C         -1.79255       -2.53156       -4.13192
H         -1.84924       -1.76142       -4.91185
H         -2.57379       -3.27852       -4.33610
H         -0.81356       -3.01729       -4.21156
C         -3.27384       -3.43796       -1.12968
H         -3.12938       -4.13078       -0.28945
H         -3.75941       -3.99330       -1.94541
H         -3.94661       -2.63977       -0.79778
C         -0.94747       -4.02334       -1.78776
H          0.02076       -3.64279       -2.14158
H         -1.31668       -4.76486       -2.50934
H         -0.78567       -4.52763       -0.82500
B         -0.94126        1.51364       -0.24708
B         -0.67864       -1.01879       -1.11540
N          2.41055        1.72409       -0.32542
N          2.56943       -0.94131       -0.36126
O         -0.83935        2.85117        0.17646
O         -2.27040        1.23548       -0.55281
O         -0.89918       -1.01519       -2.49451
O         -1.39916       -2.06120       -0.52985
Ir         0.65521        0.27280       -0.34984
H          3.13953        5.00165       -0.49813
H          3.70105       -4.10037       -0.17013
B         -0.09953       -0.54839        1.29352
O         -1.22085       -0.15382        2.01360
O          0.56065       -1.58539        1.95614
C         -1.16081       -0.77856        3.30038
C         -0.28894       -2.03809        3.01978
C         -0.49040        0.20825        4.24927
C         -2.57314       -1.06773        3.76821
C          0.57469       -2.48421        4.18373
C         -1.09536       -3.21905        2.49389
H          0.53700        0.42642        3.92949
H         -0.46726       -0.16292        5.28301
H         -1.05272        1.15083        4.23482
H         -3.10810       -0.12223        3.93091
H         -2.56882       -1.62265        4.71774
H         -3.13069       -1.64511        3.02293
H          1.15296       -3.37191        3.89566
H         -0.04576       -2.75271        5.05120
H          1.28261       -1.70497        4.48704
H         -1.73533       -2.91586        1.65708
H         -1.70820       -3.67737        3.28249
H         -0.39386       -3.97756        2.11866
H          5.74002        1.59557       -0.83589
H          5.89895       -0.41691       -0.44723
